44
11
45
78
66
77
16
11
66
41
44
77
88
55
31
88
33
97
58
26
53
22
33
35
99
54
12
92
34
35
11
95
71
22
85
26
64
77
83
53
77
39
47
61
35
11
66
84
92
37
99
43
51
22
99
46
55
69
65
74
55
55
66
84
33
83
68
81
76
71
88
77
78
59
16
77
11
11
81
29
22
66
24
74
28
49
99
44
59
74
78
55
44
99
55
57
88
11
31
78
88
96
67
85
99
55
38
86
34
84
66
77
63
52
67
66
55
99
27
49
78
55
79
14
33
99
77
47
77
56
32
15
92
36
98
54
77
77
17
17
86
66
66
22
12
62
66
33
71
69
99
19
99
88
24
31
85
51
77
63
39
44
22
46
75
88
13
45
36
85
27
66
36
55
11
11
11
44
55
44
68
77
21
61
19
77
88
11
55
61
84
75
36
99
11
26
66
23
95
55
33
86
11
18
66
79
44
69
96
22
31
33
79
47
77
66
52
11
18
99
95
55
22
38
41
11
31
54
79
11
52
44
66
55
44
22
88
42
52
88
99
22
54
18
42
55
77
66
65
66
17
35
11
55
66
55
22
44
52
91
77
44
85
77
26
37
44
25
22
74
77
44
98
72
25
72
44
88
66
49
39
35
26
99
77
13
11
88
24
88
55
44
55
55
66
72
98
66
45
55
15
21
55
11
11
11
22
47
18
93
51
57
38
99
99
88
83
53
11
95
76
23
66
44
56
47
44
88
79
17
57
29
51
66
88
72
59
28
55
55
42
33
66
73
21
77
44
35
87
49
62
94
97
94
11
55
77
88
44
77
82
36
51
44
77
33
89
92
61
66
88
31
29
99
35
44
44
43
88
12
69
88
43
77
84
76
68
11
17
31
81
98
84
93
76
99
44
22
85
37
27
49
33
33
26
22
54
26
25
83
42
12
11
77
32
29
79
66
47
34
55
77
66
73
24
99
14
16
22
86
36
39
55
33
44
55
47
64
44
55
91
99
19
35
18
77
69
72
11
99
77
88
33
97
11
66
91
96
25
16
38
25
33
25
33
78
22
88
31
27
68
91
22
48
11
37
44
22
33
61
45
56
99
22
75
66
88
92
22
66
77
94
44
42
74
82
73
75
21
33
55
11
86
31
66
29
55
11
58
43
34
66
44
99
36
17
22
45
53
96
29
27
81
33
94
22
79
58
11
32
72
45
66
33
75
54
74
33
84
99
69
11
38
22
88
67
17
89
85
71
59
89
22
97
25
42
85
94
37
88
73
11
24
52
77
78
33
91
99
11
78
68
22
11
18
99
48
12
22
96
88
98
72
88
22
47
44
77
55
33
66
27
41
84
22
27
71
44
11
56
24
55
51
88
92
33
41
41
99
75
15
46
88
77
46
94
54
44
79
91
44
43
46
93
57
21
42
42
91
47
52
75
98
55
48
99
82
77
49
99
11
54
44
31
55
88
13
33
92
11
88
81
11
44
45
88
81
55
78
22
33
21
68
97
33
94
66
36
74
79
77
11
44
99
56
11
36
46
77
41
83
15
72
84
66
66
37
56
99
61
93
84
51
58
63
71
55
22
95
71
29
67
37
88
98
22
66
24
26
33
63
66
33
72
11
31
35
45
74
99
88
11
89
66
47
36
56
18
12
88
33
99
82
17
11
44
95
62
83
72
16
69
55
19
73
45
99
48
88
89
44
92
33
48
84
15
88
18
11
88
93
99
16
11
46
54
65
86
51
81
77
55
11
18
28
77
92
94
99
21
44
69
81
25
15
69
88
66
76
14
44
34
76
78
16
62
56
28
73
87
79
21
38
88
22
52
66
77
39
98
44
44
66
84
33
54
99
44
44
45
22
11
42
24
24
55
46
33
48
17
24
41
33
48
99
11
18
43
22
76
11
44
34
97
65
77
65
88
45
99
22
44
47
71
22
15
11
53
86
91
87
35
98
22
35
64
36
25
77
77
62
93
17
27
44
44
88
55
56
78
97
55
77
19
47
55
21
99
99
67
77
99
11
99
51
99
44
83
56
48
33
81
86
64
77
88
16
99
11
32
44
55
16
77
45
58
18
19
34
24
86
36
91
82
97
25
99
88
65
42
93
55
77
33
34
77
68
81
11
97
92
77
99
84
91
84
33
33
11
44
53
23
52
55
15
55
29
15
44
44
98
99
19
19
11
55
39
66
63
63
69
17
93
33
66
11
25
11
66
74
61
14
75
44
36
96
49
22
57
84
88
77
29
71
11
24
82
77
53
11
